{
    "YIBIAOPAN": [
        {
            "modelName": "YIBIAOPAN",
            "instanceId": "112",
            "instanceName": "AGENT 1<1>",
            "allStates": [
                "SQUIB",
                "DISCH",
                "NOT_STARTED"
            ],
            "originState": "SQUIB",
            "attribute": [
                {
                    "state": "SQUIB",
                    "localMatrix": [0, 0, 1, 0, 1, 0, 0, 0, 0, 1, 0, 0, -113.1500015258789, 12.350000381469727, 7.1620001792907715, 1],
                    "highlightElementId": [3153,4094,2305,4021,5626]
                },
                {
                    "state": "DISCH",
                    "localMatrix": [0, 0, 1, 0, 1, 0, 0, 0, 0, 1, 0, 0, -113.1500015258789, 12.350000381469727, 6.64570426940918, 1],
                    "highlightElementId": [6026,4027,4710,2699,3973]
                },
                {
                    "state": "NOT_STARTED",
                    "localMatrix": [0, 0, 1, 0, 1, 0, 0, 0, 0, 1, 0, 0, -113.1500015258789, 12.350000381469727, 7.1620001792907715, 1],
                    "highlightElementId": []
                }
            ],
            "animation": [
                {
                    "originState": "SQUIB",
                    "targetState": "DISCH",
                    "positionArray": [-113.1500015258789, 12.350000381469727, 7.1620001792907715, -113.1500015258789, 12.350000381469727, 7.110370635986328, -113.1500015258789, 12.350000381469727, 7.058740615844727, -113.1500015258789, 12.350000381469727, 7.007111072540283, -113.1500015258789, 12.350000381469727, 6.95548152923584, -113.1500015258789, 12.350000381469727, 6.9038519859313965, -113.1500015258789, 12.350000381469727, 6.852222442626953, -113.1500015258789, 12.350000381469727, 6.80059289932251, -113.1500015258789, 12.350000381469727, 6.748963356018066, -113.1500015258789, 12.350000381469727, 6.697333812713623, -113.1500015258789, 12.350000381469727, 6.64570426940918],
                    "quaternionArray": [0.5, 0.5, 0.5, -0.5, 0.5, 0.5, 0.5, -0.5, 0.5, 0.5, 0.5, -0.5, 0.5, 0.5, 0.5, -0.5, 0.5, 0.5, 0.5, -0.5, 0.5, 0.5, 0.5, -0.5, 0.5, 0.5, 0.5, -0.5, 0.5, 0.5, 0.5, -0.5, 0.5, 0.5, 0.5, -0.5, 0.5, 0.5, 0.5, -0.5, 0.5, 0.5, 0.5, -0.5]
                }
            ]
        },
        {
            "modelName": "YIBIAOPAN",
            "instanceId": "114",
            "instanceName": "AGENT 2<1>",
            "allStates": [
                "SQUIB",
                "DISCH",
                "NOT_STARTED"
            ],
            "originState": "SQUIB",
            "attribute": [
                {
                    "state": "SQUIB",
                    "localMatrix": [0, 0, 1, 0, 1, 0, 0, 0, 0, 1, 0, 0, -66.8499984741211, 12.350000381469727, 7.1620001792907715, 1],
                    "highlightElementId": [5281,1691,4329,1594,3007]
                },
                {
                    "state": "DISCH",
                    "localMatrix": [0, 0, 1, 0, 1, 0, 0, 0, 0, 1, 0, 0, -66.8499984741211, 12.350000381469727, 6.700927257537842, 1],
                    "highlightElementId": [3497,1798,2355,4593,6005]
                },
                {
                    "state": "NOT_STARTED",
                    "localMatrix": [0, 0, 1, 0, 1, 0, 0, 0, 0, 1, 0, 0, -66.8499984741211, 12.350000381469727, 7.1620001792907715, 1],
                    "highlightElementId": []
                }
            ],
            "animation": [
                {
                    "originState": "SQUIB",
                    "targetState": "DISCH",
                    "positionArray": [-66.8499984741211, 12.350000381469727, 7.1620001792907715, -66.8499984741211, 12.350000381469727, 7.1158928871154785, -66.8499984741211, 12.350000381469727, 7.0697855949401855, -66.8499984741211, 12.350000381469727, 7.023678302764893, -66.8499984741211, 12.350000381469727, 6.9775710105896, -66.8499984741211, 12.350000381469727, 6.931463718414307, -66.8499984741211, 12.350000381469727, 6.885356426239014, -66.8499984741211, 12.350000381469727, 6.839249134063721, -66.8499984741211, 12.350000381469727, 6.793141841888428, -66.8499984741211, 12.350000381469727, 6.747034549713135, -66.8499984741211, 12.350000381469727, 6.700927257537842],
                    "quaternionArray": [0.5, 0.5, 0.5, -0.5, 0.5, 0.5, 0.5, -0.5, 0.5, 0.5, 0.5, -0.5, 0.5, 0.5, 0.5, -0.5, 0.5, 0.5, 0.5, -0.5, 0.5, 0.5, 0.5, -0.5, 0.5, 0.5, 0.5, -0.5, 0.5, 0.5, 0.5, -0.5, 0.5, 0.5, 0.5, -0.5, 0.5, 0.5, 0.5, -0.5, 0.5, 0.5, 0.5, -0.5]
                }
            ]
        },
        {
            "modelName": "YIBIAOPAN",
            "instanceId": "180",
            "instanceName": "L GEN<1>",
            "allStates": [
                "FAULT",
                "OFF",
                "NOT_STARTED"
            ],
            "originState": "FAULT",
            "attribute": [
                {
                    "state": "FAULT",
                    "localMatrix": [0, 0, 1, 0, 1, 0, 0, 0, 0, 1, 0, 0, -65.0006332397461, -217.35000610351562, 7.1620001792907715, 1],
                    "highlightElementId": [828,2038,984,1748,2112]
                },
                {
                    "state": "OFF",
                    "localMatrix": [0, 0, 1, 0, 1, 0, 0, 0, 0, 1, 0, 0, -65.0006332397461, -217.35000610351562, 6.669539928436279, 1],
                    "highlightElementId": [1328,1076,2058]
                },
                {
                    "state": "NOT_STARTED",
                    "localMatrix": [0, 0, 1, 0, 1, 0, 0, 0, 0, 1, 0, 0, -65.0006332397461, -217.35000610351562, 7.1620001792907715, 1],
                    "highlightElementId": []
                }
            ],
            "animation": [
                {
                    "originState": "FAULT",
                    "targetState": "OFF",
                    "positionArray": [-65.0006332397461, -217.35000610351562, 7.1620001792907715, -65.0006332397461, -217.35000610351562, 7.112753868103027, -65.0006332397461, -217.35000610351562, 7.063508033752441, -65.0006332397461, -217.35000610351562, 7.0142621994018555, -65.0006332397461, -217.35000610351562, 6.965015888214111, -65.0006332397461, -217.35000610351562, 6.915770053863525, -65.0006332397461, -217.35000610351562, 6.8665242195129395, -65.0006332397461, -217.35000610351562, 6.817277908325195, -65.0006332397461, -217.35000610351562, 6.768032073974609, -65.0006332397461, -217.35000610351562, 6.718786239624023, -65.0006332397461, -217.35000610351562, 6.669539928436279],
                    "quaternionArray": [0.5, 0.5, 0.5, -0.5, -0.5, -0.5, -0.5, 0.5, -0.5, -0.5, -0.5, 0.5, -0.5, -0.5, -0.5, 0.5, -0.5, -0.5, -0.5, 0.5, -0.5, -0.5, -0.5, 0.5, -0.5, -0.5, -0.5, 0.5, -0.5, -0.5, -0.5, 0.5, -0.5, -0.5, -0.5, 0.5, -0.5, -0.5, -0.5, 0.5, -0.5, -0.5, -0.5, 0.5]
                }
            ]
        },
        {
            "modelName": "YIBIAOPAN",
            "instanceId": "186",
            "instanceName": "APU GEN<1>",
            "allStates": [
                "FAULT",
                "OFF",
                "NOT_STARTED"
            ],
            "originState": "FAULT",
            "attribute": [
                {
                    "state": "FAULT",
                    "localMatrix": [0, 0, 1, 0, 1, 0, 0, 0, 0, 1, 0, 0, 29.700000762939453, -217.35000610351562, 7.1620001792907715, 1],
                    "highlightElementId": [472,2008,755,1964,2022]
                },
                {
                    "state": "OFF",
                    "localMatrix": [0, 0, 1, 0, 1, 0, 0, 0, 0, 1, 0, 0, 29.700000762939453, -217.35000610351562, 6.706892967224121, 1],
                    "highlightElementId": [1286,1130,1952]
                },
                {
                    "state": "NOT_STARTED",
                    "localMatrix": [0, 0, 1, 0, 1, 0, 0, 0, 0, 1, 0, 0, 29.700000762939453, -217.35000610351562, 7.1620001792907715, 1],
                    "highlightElementId": []
                }
            ],
            "animation": [
                {
                    "originState": "FAULT",
                    "targetState": "OFF",
                    "positionArray": [29.700000762939453, -217.35000610351562, 7.1620001792907715, 29.700000762939453, -217.35000610351562, 7.116489410400391, 29.700000762939453, -217.35000610351562, 7.07097864151001, 29.700000762939453, -217.35000610351562, 7.025467872619629, 29.700000762939453, -217.35000610351562, 6.979957103729248, 29.700000762939453, -217.35000610351562, 6.934446811676025, 29.700000762939453, -217.35000610351562, 6.8889360427856445, 29.700000762939453, -217.35000610351562, 6.843425273895264, 29.700000762939453, -217.35000610351562, 6.797914505004883, 29.700000762939453, -217.35000610351562, 6.752403736114502, 29.700000762939453, -217.35000610351562, 6.706892967224121],
                    "quaternionArray": [0.5, 0.5, 0.5, -0.5, 0.5, 0.5, 0.5, -0.5, 0.5, 0.5, 0.5, -0.5, 0.5, 0.5, 0.5, -0.5, 0.5, 0.5, 0.5, -0.5, 0.5, 0.5, 0.5, -0.5, 0.5, 0.5, 0.5, -0.5, 0.5, 0.5, 0.5, -0.5, 0.5, 0.5, 0.5, -0.5, 0.5, 0.5, 0.5, -0.5, 0.5, 0.5, 0.5, -0.5]
                }
            ]
        },
        {
            "modelName": "YIBIAOPAN",
            "instanceId": "188",
            "instanceName": "R GEN<1>",
            "allStates": [
                "FAULT",
                "OFF",
                "NOT_STARTED"
            ],
            "originState": "FAULT",
            "attribute": [
                {
                    "state": "FAULT",
                    "localMatrix": [0, 0, 1, 0, 1, 0, 0, 0, 0, 1, 0, 0, 65.0006332397461, -217.35000610351562, 7.1620001792907715, 1],
                    "highlightElementId": [839,2042,556,1946,1972]
                },
                {
                    "state": "OFF",
                    "localMatrix": [0, 0, 1, 0, 1, 0, 0, 0, 0, 1, 0, 0, 65.0006332397461, -217.35000610351562, 6.634361267089844, 1],
                    "highlightElementId": [1232,1184,1910]
                },
                {
                    "state": "NOT_STARTED",
                    "localMatrix": [0, 0, 1, 0, 1, 0, 0, 0, 0, 1, 0, 0, 65.0006332397461, -217.35000610351562, 7.1620001792907715, 1],
                    "highlightElementId": []
                }
            ],
            "animation": [
                {
                    "originState": "FAULT",
                    "targetState": "OFF",
                    "positionArray": [65.0006332397461, -217.35000610351562, 7.1620001792907715, 65.0006332397461, -217.35000610351562, 7.109236240386963, 65.0006332397461, -217.35000610351562, 7.056472301483154, 65.0006332397461, -217.35000610351562, 7.003708362579346, 65.0006332397461, -217.35000610351562, 6.950944423675537, 65.0006332397461, -217.35000610351562, 6.8981804847717285, 65.0006332397461, -217.35000610351562, 6.84541654586792, 65.0006332397461, -217.35000610351562, 6.792652606964111, 65.0006332397461, -217.35000610351562, 6.739889144897461, 65.0006332397461, -217.35000610351562, 6.687125205993652, 65.0006332397461, -217.35000610351562, 6.634361267089844],
                    "quaternionArray": [0.5, 0.5, 0.5, -0.5, 0.5, 0.5, 0.5, -0.5, 0.5, 0.5, 0.5, -0.5, 0.5, 0.5, 0.5, -0.5, 0.5, 0.5, 0.5, -0.5, 0.5, 0.5, 0.5, -0.5, 0.5, 0.5, 0.5, -0.5, 0.5, 0.5, 0.5, -0.5, 0.5, 0.5, 0.5, -0.5, 0.5, 0.5, 0.5, -0.5, 0.5, 0.5, 0.5, -0.5]
                }
            ]
        },
        {
            "modelName": "YIBIAOPAN",
            "instanceId": "208",
            "instanceName": "L PACK<1>",
            "allStates": [
                "FAULT",
                "OFF",
                "NOT_STARTED"
            ],
            "originState": "FAULT",
            "attribute": [
                {
                    "state": "FAULT",
                    "localMatrix": [-0.0012246248670919613, 0.00818207479632349, 0.9999657413573715, 0, 0.9999953757886857, 0.0027810000118435596, 0.0012019413029733528, 0, -0.0027710354771244283, 0.9999626242583659, -0.008185407997338245, 0, -100.67428588867188, -295.0793762207031, 7.099824905395508, 1],
                    "highlightElementId": [986,2066,578,2022,1928]
                },
                {
                    "state": "OFF",
                    "localMatrix": [-0.0012246248670919613, 0.00818207479632349, 0.9999657413573715, 0, 0.9999953757886857, 0.0027810000118435596, 0.0012019413029733528, 0, -0.0027710354771244283, 0.9999626242583659, -0.008185407997338245, 0, -100.67359161376953, -295.083984375, 6.53559684753418, 1],
                    "highlightElementId": [1256,1466,1862]
                },
                {
                    "state": "NOT_STARTED",
                    "localMatrix": [-0.0012246248670919613, 0.00818207479632349, 0.9999657413573715, 0, 0.9999953757886857, 0.0027810000118435596, 0.0012019413029733528, 0, -0.0027710354771244283, 0.9999626242583659, -0.008185407997338245, 0, -100.67428588867188, -295.0793762207031, 7.099824905395508, 1],
                    "highlightElementId": []
                }
            ],
            "animation": [
                {
                    "originState": "FAULT",
                    "targetState": "OFF",
                    "positionArray": [-100.67428588867188, -295.0793762207031, 7.099824905395508, -100.67420959472656, -295.079833984375, 7.043402194976807, -100.67414093017578, -295.0802917480469, 6.9869794845581055, -100.674072265625, -295.08074951171875, 6.930556297302246, -100.67400360107422, -295.0812072753906, 6.874133586883545, -100.67393493652344, -295.0816650390625, 6.817710876464844, -100.67386627197266, -295.0821228027344, 6.761288166046143, -100.67379760742188, -295.08258056640625, 6.704864978790283, -100.6737289428711, -295.08306884765625, 6.648442268371582, -100.67366027832031, -295.0835266113281, 6.592019557952881, -100.67359161376953, -295.083984375, 6.53559684753418],
                    "quaternionArray": [0.5010438561439514, 0.5030385255813599, 0.49755859375, -0.4983399510383606, 0.5010438561439514, 0.5030385255813599, 0.49755859375, -0.4983399510383606, 0.5010438561439514, 0.5030385255813599, 0.49755859375, -0.4983399510383606, 0.5010438561439514, 0.5030385255813599, 0.49755859375, -0.4983399510383606, 0.5010438561439514, 0.5030385255813599, 0.49755859375, -0.4983399510383606, 0.5010438561439514, 0.5030385255813599, 0.49755859375, -0.4983399510383606, 0.5010438561439514, 0.5030385255813599, 0.49755859375, -0.4983399510383606, 0.5010438561439514, 0.5030385255813599, 0.49755859375, -0.4983399510383606, 0.5010438561439514, 0.5030385255813599, 0.49755859375, -0.4983399510383606, 0.5010438561439514, 0.5030385255813599, 0.49755859375, -0.4983399510383606, 0.5010438561439514, 0.5030385255813599, 0.49755859375, -0.4983399510383606]
                }
            ]
        },
        {
            "modelName": "YIBIAOPAN",
            "instanceId": "210",
            "instanceName": "L ENG BLEED<1>",
            "allStates": [
                "FAULT",
                "OFF",
                "NOT_STARTED"
            ],
            "originState": "FAULT",
            "attribute": [
                {
                    "state": "FAULT",
                    "localMatrix": [-0.0012246248670919613, 0.00818207479632349, 0.9999657413573715, 0, 0.9999953757886857, 0.0027810000118435596, 0.0012019413029733528, 0, -0.0027710354771244283, 0.9999626242583659, -0.008185407997338245, 0, -71.97399139404297, -305.3915710449219, 7.100672721862793, 1],
                    "highlightElementId": [829,1978,976,1946,2106]
                },
                {
                    "state": "OFF",
                    "localMatrix": [-0.0012246248670919613, 0.00818207479632349, 0.9999657413573715, 0, 0.9999953757886857, 0.0027810000118435596, 0.0012019413029733528, 0, -0.0027710354771244283, 0.9999626242583659, -0.008185407997338245, 0, -71.97344207763672, -305.395263671875, 6.6490631103515625, 1],
                    "highlightElementId": [1238,1334,1966]
                },
                {
                    "state": "NOT_STARTED",
                    "localMatrix": [-0.0012246248670919613, 0.00818207479632349, 0.9999657413573715, 0, 0.9999953757886857, 0.0027810000118435596, 0.0012019413029733528, 0, -0.0027710354771244283, 0.9999626242583659, -0.008185407997338245, 0, -71.97399139404297, -305.3915710449219, 7.100672721862793, 1],
                    "highlightElementId": []
                }
            ],
            "animation": [
                {
                    "originState": "FAULT",
                    "targetState": "OFF",
                    "positionArray": [-71.97399139404297, -305.3915710449219, 7.100672721862793, -71.97393798828125, -305.3919372558594, 7.055511951446533, -71.97388458251953, -305.392333984375, 7.010350704193115, -71.97383117675781, -305.3927001953125, 6.9651899337768555, -71.97377014160156, -305.39306640625, 6.9200286865234375, -71.97371673583984, -305.3934326171875, 6.874867916107178, -71.97366333007812, -305.393798828125, 6.829707145690918, -71.9736099243164, -305.3941650390625, 6.7845458984375, -71.97354888916016, -305.39453125, 6.73938512802124, -71.97349548339844, -305.3948974609375, 6.694223880767822, -71.97344207763672, -305.395263671875, 6.6490631103515625],
                    "quaternionArray": [0.5010438561439514, 0.5030385255813599, 0.49755859375, -0.4983399510383606, 0.5010438561439514, 0.5030385255813599, 0.49755859375, -0.4983399510383606, 0.5010438561439514, 0.5030385255813599, 0.49755859375, -0.4983399510383606, 0.5010438561439514, 0.5030385255813599, 0.49755859375, -0.4983399510383606, 0.5010438561439514, 0.5030385255813599, 0.49755859375, -0.4983399510383606, 0.5010438561439514, 0.5030385255813599, 0.49755859375, -0.4983399510383606, 0.5010438561439514, 0.5030385255813599, 0.49755859375, -0.4983399510383606, 0.5010438561439514, 0.5030385255813599, 0.49755859375, -0.4983399510383606, 0.5010438561439514, 0.5030385255813599, 0.49755859375, -0.4983399510383606, 0.5010438561439514, 0.5030385255813599, 0.49755859375, -0.4983399510383606, 0.5010438561439514, 0.5030385255813599, 0.49755859375, -0.4983399510383606]
                }
            ]
        },
        {
            "modelName": "YIBIAOPAN",
            "instanceId": "218",
            "instanceName": "APU BLEED<1>",
            "allStates": [
                "FAULT",
                "ON",
                "NOT_STARTED"
            ],
            "originState": "FAULT",
            "attribute": [
                {
                    "state": "FAULT",
                    "localMatrix": [-0.0012246248670919613, 0.00818207479632349, 0.9999657413573715, 0, 0.9999953757886857, 0.0027810000118435596, 0.0012019413029733528, 0, -0.0027710354771244283, 0.9999626242583659, -0.008185407997338245, 0, -10.626450538635254, -305.33404541015625, 7.241108417510986, 1],
                    "highlightElementId": [1040,2000,458,668,929]
                },
                {
                    "state": "ON",
                    "localMatrix": [-0.0012246248670919613, 0.00818207479632349, 0.9999657413573715, 0, 0.9999953757886857, 0.0027810000118435596, 0.0012019413029733528, 0, -0.0027710354771244283, 0.9999626242583659, -0.008185407997338245, 0, -10.62580394744873, -305.33837890625, 6.712460994720459, 1],
                    "highlightElementId": [1394,706]
                },
                {
                    "state": "NOT_STARTED",
                    "localMatrix": [-0.0012246248670919613, 0.00818207479632349, 0.9999657413573715, 0, 0.9999953757886857, 0.0027810000118435596, 0.0012019413029733528, 0, -0.0027710354771244283, 0.9999626242583659, -0.008185407997338245, 0, -10.626450538635254, -305.33404541015625, 7.241108417510986, 1],
                    "highlightElementId": []
                }
            ],
            "animation": [
                {
                    "originState": "FAULT",
                    "targetState": "ON",
                    "positionArray": [-10.626450538635254, -305.33404541015625, 7.241108417510986, -10.626386642456055, -305.33447265625, 7.188243865966797, -10.626321792602539, -305.3349304199219, 7.135378837585449, -10.626256942749023, -305.3353576660156, 7.08251428604126, -10.626192092895508, -305.3357849121094, 7.029649257659912, -10.626127243041992, -305.3362121582031, 6.976784706115723, -10.626062393188477, -305.3366394042969, 6.923919677734375, -10.625997543334961, -305.3370666503906, 6.8710551261901855, -10.625932693481445, -305.3375244140625, 6.818190097808838, -10.62586784362793, -305.33795166015625, 6.765325546264648, -10.62580394744873, -305.33837890625, 6.712460994720459],
                    "quaternionArray": [0.5010438561439514, 0.5030385255813599, 0.49755859375, -0.4983399510383606, 0.5010438561439514, 0.5030385255813599, 0.49755859375, -0.4983399510383606, 0.5010438561439514, 0.5030385255813599, 0.49755859375, -0.4983399510383606, 0.5010438561439514, 0.5030385255813599, 0.49755859375, -0.4983399510383606, 0.5010438561439514, 0.5030385255813599, 0.49755859375, -0.4983399510383606, 0.5010438561439514, 0.5030385255813599, 0.49755859375, -0.4983399510383606, 0.5010438561439514, 0.5030385255813599, 0.49755859375, -0.4983399510383606, 0.5010438561439514, 0.5030385255813599, 0.49755859375, -0.4983399510383606, 0.5010438561439514, 0.5030385255813599, 0.49755859375, -0.4983399510383606, 0.5010438561439514, 0.5030385255813599, 0.49755859375, -0.4983399510383606, 0.5010438561439514, 0.5030385255813599, 0.49755859375, -0.4983399510383606]
                }
            ]
        },
        {
            "modelName": "YIBIAOPAN",
            "instanceId": "220",
            "instanceName": "X BLEED<1>",
            "allStates": [
                "AUTO",
                "CLOSE",
                "OPEN"
            ],
            "originState": "AUTO",
            "attribute": [
                {
                    "state": "AUTO",
                    "localMatrix": [-0.00122470859805901, 0.008182095383936883, 0.9999658197642631, 0, -0.9999984958345394, 0.0012531090356375785, -0.001234958788451479, 0, -0.00126321429114995, -0.999965784469488, 0.008180504434896818, 0, 29.520843505859375, -306.876220703125, 10.23987102508545, 1],
                    "highlightElementId": []
                },
                {
                    "state": "CLOSE",
                    "localMatrix": [-0.0012246826446613568, 0.008182108887666573, 0.9999657926425698, 0, -0.7103345509572137, -0.7038472689143092, 0.004889199489205964, 0, 0.7038631678654212, -0.7103042528729375, 0.0066739957896615465, 0, 29.520843505859375, -306.876220703125, 10.23987102508545, 1],
                    "highlightElementId": []
                },
                {
                    "state": "OPEN",
                    "localMatrix": [-0.0012246232947319413, 0.008182083098134285, 0.9999657772165591, 0, -0.7177708697507654, 0.6962483289037991, -0.006575985025484954, 0, -0.6962783068754703, -0.7177543580905663, 0.005020218702064483, 0, 29.520843505859375, -306.876220703125, 10.23987102508545, 1],
                    "highlightElementId": []
                }
            ],
            "animation": [
                {
                    "originState": "AUTO",
                    "targetState": "CLOSE",
                    "positionArray": [29.520843505859375, -306.876220703125, 10.23987102508545, 29.520843505859375, -306.876220703125, 10.23987102508545, 29.520843505859375, -306.876220703125, 10.23987102508545, 29.520843505859375, -306.876220703125, 10.23987102508545, 29.520843505859375, -306.876220703125, 10.23987102508545, 29.520843505859375, -306.876220703125, 10.23987102508545, 29.520843505859375, -306.876220703125, 10.23987102508545, 29.520843505859375, -306.876220703125, 10.23987102508545, 29.520843505859375, -306.876220703125, 10.23987102508545, 29.520843505859375, -306.876220703125, 10.23987102508545, 29.520843505859375, -306.876220703125, 10.23987102508545],
                    "quaternionArray": [0.4973282814025879, -0.49857228994369507, 0.5020338892936707, 0.5020480751991272, 0.516575276851654, -0.47856447100639343, 0.5211414098739624, 0.4822215735912323, 0.5350325107574463, -0.4578249454498291, 0.5394521355628967, 0.4616577625274658, 0.5526716709136963, -0.43638545274734497, 0.556938111782074, 0.44038811326026917, 0.5694658160209656, -0.4142787456512451, 0.5735725164413452, 0.4184451401233673, 0.5853893160820007, -0.3915386199951172, 0.5893299579620361, 0.3958623707294464, 0.6004177927970886, -0.3681998550891876, 0.6041864156723022, 0.3726743757724762, 0.614528238773346, -0.3442981243133545, 0.6181190013885498, 0.34891656041145325, 0.627699077129364, -0.3198699951171875, 0.6311065554618835, 0.32462525367736816, 0.6399102210998535, -0.29495278000831604, 0.6431292295455933, 0.2998376190662384, 0.651142954826355, -0.269584596157074, 0.6541685461997986, 0.2745915651321411]
                },
                {
                    "originState": "AUTO",
                    "targetState": "OPEN",
                    "positionArray": [29.520843505859375, -306.876220703125, 10.23987102508545, 29.520843505859375, -306.876220703125, 10.23987102508545, 29.520843505859375, -306.876220703125, 10.23987102508545, 29.520843505859375, -306.876220703125, 10.23987102508545, 29.520843505859375, -306.876220703125, 10.23987102508545, 29.520843505859375, -306.876220703125, 10.23987102508545, 29.520843505859375, -306.876220703125, 10.23987102508545, 29.520843505859375, -306.876220703125, 10.23987102508545, 29.520843505859375, -306.876220703125, 10.23987102508545, 29.520843505859375, -306.876220703125, 10.23987102508545, 29.520843505859375, -306.876220703125, 10.23987102508545],
                    "quaternionArray": [0.4973282814025879, -0.49857228994369507, 0.5020338892936707, 0.5020480751991272, 0.4776633381843567, -0.5175006985664368, 0.48249906301498413, 0.520793080329895, 0.45729243755340576, -0.5356642603874207, 0.46225112676620483, 0.5387682914733887, 0.4362456798553467, -0.5530361533164978, 0.44132000207901, 0.5559473037719727, 0.4145541489124298, -0.5695906281471252, 0.4197366237640381, 0.5723046064376831, 0.3922499120235443, -0.5853033065795898, 0.3975328803062439, 0.587816059589386, 0.369365930557251, -0.6001508831977844, 0.3747415840625763, 0.6024587154388428, 0.3459360599517822, -0.6141114234924316, 0.35139644145965576, 0.6162109375, 0.3219948709011078, -0.627164363861084, 0.32753193378448486, 0.629052460193634, 0.29757779836654663, -0.6392903923988342, 0.30318334698677063, 0.6409642100334167, 0.27272093296051025, -0.6504715085029602, 0.278386652469635, 0.6519286632537842]
                }
            ]
        },
        {
            "modelName": "YIBIAOPAN",
            "instanceId": "226",
            "instanceName": "A-I WING<1>",
            "allStates": [
                "ON",
                "OFF"
            ],
            "originState": "ON",
            "attribute": [
                {
                    "state": "ON",
                    "localMatrix": [5.0834541909239306e-8, 0, 0.9999999491654581, 0, -0.7021829522975764, 0.7119965394730592, 0, 0, -0.7119964886385173, -0.7021829522975764, 5.0834541909239306e-8, 0, -115, -354.67169189453125, 10, 1],
                    "highlightElementId": []
                },
                {
                    "state": "OFF",
                    "localMatrix": [5.5380603214416624e-8, 0, 0.9999999446193968, 0, -0.9999745446739894, 0.007127414137130472, 0, 0, -0.007127358756527258, -0.9999745446739894, 5.5380603214416624e-8, 0, -115, -354.6716613769531, 10, 1],
                    "highlightElementId": []
                }
            ],
            "animation": [
                {
                    "originState": "ON",
                    "targetState": "OFF",
                    "positionArray": [-115, -354.67169189453125, 10, -115, -354.67169189453125, 10, -115, -354.67169189453125, 10, -115, -354.6716613769531, 10, -115, -354.6716613769531, 10, -115, -354.6716613769531, 10, -115, -354.67169189453125, 10, -115, -354.6716613769531, 10, -115, -354.67169189453125, 10, -115, -354.6716613769531, 10, -115, -354.6716613769531, 10],
                    "quaternionArray": [0.26832976937294006, -0.6542164087295532, 0.26832976937294006, 0.6542164087295532, 0.2938012480735779, -0.643180251121521, 0.2938012480735779, 0.643180251121521, 0.31881994009017944, -0.6311528086662292, 0.31881994009017944, 0.6311528086662292, 0.3433472812175751, -0.6181526184082031, 0.3433472812175751, 0.6181526184082031, 0.3673454523086548, -0.6041997671127319, 0.3673454523086548, 0.6041997671127319, 0.39077746868133545, -0.5893157124519348, 0.39077746868133545, 0.5893157124519348, 0.4136072099208832, -0.5735234022140503, 0.4136072099208832, 0.5735234022140503, 0.4357995390892029, -0.5568471550941467, 0.4357995390892029, 0.5568471550941467, 0.4573201835155487, -0.5393127799034119, 0.4573201835155487, 0.5393127799034119, 0.4781360328197479, -0.5209471583366394, 0.4781360328197479, 0.5209471583366394, 0.4982149600982666, -0.5017786622047424, 0.4982149600982666, 0.5017786622047424]
                }
            ]
        },
        {
            "modelName": "YIBIAOPAN",
            "instanceId": "228",
            "instanceName": "A-I L ENG<1>",
            "allStates": [
                "ON",
                "OFF"
            ],
            "originState": "ON",
            "attribute": [
                {
                    "state": "ON",
                    "localMatrix": [-5.3989809956078716e-8, 0, 1.00000005398981, 0, -0.698942516319704, 0.7151778727251461, 0, 0, -0.7151779267149561, -0.698942516319704, -5.3989809956078716e-8, 0, -70, -354.67169189453125, 10, 1],
                    "highlightElementId": []
                },
                {
                    "state": "OFF",
                    "localMatrix": [-3.4320024155931605e-8, 0, 1.0000000343200242, 0, -0.9999961509845292, 0.002786837793323116, 0, 0, -0.002786872113347272, -0.9999961509845292, -3.4320024155931605e-8, 0, -70, -354.6716613769531, 10, 1],
                    "highlightElementId": []
                }
            ],
            "animation": [
                {
                    "originState": "ON",
                    "targetState": "OFF",
                    "positionArray": [-70, -354.67169189453125, 10, -70, -354.67169189453125, 10, -70, -354.67169189453125, 10, -70, -354.67169189453125, 10, -70, -354.67169189453125, 10, -70, -354.6716613769531, 10, -70, -354.67169189453125, 10, -70, -354.67169189453125, 10, -70, -354.67169189453125, 10, -70, -354.67169189453125, 10, -70, -354.6716613769531, 10],
                    "quaternionArray": [0.26684364676475525, -0.6548240184783936, 0.26684364676475525, 0.6548240184783936, 0.2926260232925415, -0.6437157988548279, 0.2926260232925415, 0.6437157988548279, 0.3179471492767334, -0.6315929293632507, 0.3179471492767334, 0.6315929293632507, 0.3427671194076538, -0.6184744834899902, 0.3427671194076538, 0.6184744834899902, 0.3670468032360077, -0.6043812036514282, 0.3670468032360077, 0.6043812036514282, 0.39074793457984924, -0.5893352627754211, 0.39074793457984924, 0.5893352627754211, 0.4138331413269043, -0.5733603835105896, 0.4138331413269043, 0.5733603835105896, 0.4362660348415375, -0.5564817786216736, 0.4362660348415375, 0.5564817786216736, 0.458011269569397, -0.5387259721755981, 0.458011269569397, 0.5387259721755981, 0.47903457283973694, -0.5201210379600525, 0.47903457283973694, 0.5201210379600525, 0.49930280447006226, -0.5006962418556213, 0.49930280447006226, 0.5006962418556213]
                }
            ]
        },
        {
            "modelName": "YIBIAOPAN",
            "instanceId": "262",
            "instanceName": "START<1>",
            "allStates": [
                "AYAIL",
                "ON",
                "NOT_STARTED"
            ],
            "originState": "AYAIL",
            "attribute": [
                {
                    "state": "AYAIL",
                    "localMatrix": [0, 0, 1, 0, 1, 0, 0, 0, 0, 1, 0, 0, 38.79999923706055, -399.6499938964844, 7.1620001792907715, 1],
                    "highlightElementId": [931,812,1514,1568,938]
                },
                {
                    "state": "ON",
                    "localMatrix": [0, 0, 1, 0, 1, 0, 0, 0, 0, 1, 0, 0, 38.79999923706055, -399.6499938964844, 6.505626678466797, 1],
                    "highlightElementId": [968,708]
                },
                {
                    "state": "NOT_STARTED",
                    "localMatrix": [0, 0, 1, 0, 1, 0, 0, 0, 0, 1, 0, 0, 38.79999923706055, -399.6499938964844, 7.1620001792907715, 1],
                    "highlightElementId": []
                }
            ],
            "animation": [
                {
                    "originState": "AYAIL",
                    "targetState": "ON",
                    "positionArray": [38.79999923706055, -399.6499938964844, 7.1620001792907715, 38.79999923706055, -399.6499938964844, 7.096362590789795, 38.79999923706055, -399.6499938964844, 7.030725479125977, 38.79999923706055, -399.6499938964844, 6.965087890625, 38.79999923706055, -399.6499938964844, 6.899450778961182, 38.79999923706055, -399.6499938964844, 6.833813190460205, 38.79999923706055, -399.6499938964844, 6.768176078796387, 38.79999923706055, -399.6499938964844, 6.702538967132568, 38.79999923706055, -399.6499938964844, 6.636901378631592, 38.79999923706055, -399.6499938964844, 6.571264266967773, 38.79999923706055, -399.6499938964844, 6.505626678466797],
                    "quaternionArray": [0.5, 0.5, 0.5, -0.5, 0.5, 0.5, 0.5, -0.5, 0.5, 0.5, 0.5, -0.5, 0.5, 0.5, 0.5, -0.5, 0.5, 0.5, 0.5, -0.5, 0.5, 0.5, 0.5, -0.5, 0.5, 0.5, 0.5, -0.5, 0.5, 0.5, 0.5, -0.5, 0.5, 0.5, 0.5, -0.5, 0.5, 0.5, 0.5, -0.5, 0.5, 0.5, 0.5, -0.5]
                }
            ]
        },
        {
            "modelName": "YIBIAOPAN",
            "instanceId": "276",
            "instanceName": "RAT-MANUAL<1>",
            "allStates": [
                "ON",
                "NOT_STARTED"
            ],
            "originState": "NOT_STARTED",
            "attribute": [
                {
                    "state": "ON",
                    "localMatrix": [-0.17364813251020905, 0, 0.9848077401222071, 0, 0.9848077401222071, 1.749719835686392e-8, 0.1736481500074074, 0, 0, 0.9999999825028016, 1.749719835686392e-8, 0, 180.17710876464844, -221.3000030517578, 11.38786506652832, 1],
                    "highlightElementId": [676,497]
                },
                {
                    "state": "NOT_STARTED",
                    "localMatrix": [-0.17364813251020905, 0, 0.9848077401222071, 0, 0.9848077401222071, 1.749719835686392e-8, 0.1736481500074074, 0, 0, 0.9999999825028016, 1.749719835686392e-8, 0, 180.0304412841797, -221.3000030517578, 12.219676971435547, 1],
                    "highlightElementId": []
                }
            ],
            "animation": [
                {
                    "originState": "NOT_STARTED",
                    "targetState": "ON",
                    "positionArray": [180.0304412841797, -221.3000030517578, 12.219676971435547, 180.04510498046875, -221.3000030517578, 12.136495590209961, 180.05978393554688, -221.3000030517578, 12.053314208984375, 180.07444763183594, -221.3000030517578, 11.970132827758789, 180.089111328125, -221.3000030517578, 11.88695240020752, 180.10377502441406, -221.3000030517578, 11.803771018981934, 180.11843872070312, -221.3000030517578, 11.720589637756348, 180.13311767578125, -221.3000030517578, 11.637408256530762, 180.1477813720703, -221.3000030517578, 11.554227828979492, 180.16244506835938, -221.3000030517578, 11.471046447753906, 180.17710876464844, -221.3000030517578, 11.38786506652832],
                    "quaternionArray": [0.45451948046684265, 0.5416752099990845, 0.5416752099990845, -0.45451948046684265, 0.45451948046684265, 0.5416752099990845, 0.5416752099990845, -0.45451948046684265, 0.45451948046684265, 0.5416752099990845, 0.5416752099990845, -0.45451948046684265, 0.45451948046684265, 0.5416752099990845, 0.5416752099990845, -0.45451948046684265, 0.45451948046684265, 0.5416752099990845, 0.5416752099990845, -0.45451948046684265, 0.45451948046684265, 0.5416752099990845, 0.5416752099990845, -0.45451948046684265, 0.45451948046684265, 0.5416752099990845, 0.5416752099990845, -0.45451948046684265, 0.45451948046684265, 0.5416752099990845, 0.5416752099990845, -0.45451948046684265, 0.45451948046684265, 0.5416752099990845, 0.5416752099990845, -0.45451948046684265, 0.45451948046684265, 0.5416752099990845, 0.5416752099990845, -0.45451948046684265, 0.45451948046684265, 0.5416752099990845, 0.5416752099990845, -0.45451948046684265]
                }
            ]
        },
        {
            "modelName": "YIBIAOPAN",
            "instanceId": "278",
            "instanceName": "RAT-MANUAL-G<1>",
            "allStates": [
                "CLOSE",
                "OPEN"
            ],
            "originState": "CLOSE",
            "attribute": [
                {
                    "state": "CLOSE",
                    "localMatrix": [-0.9848078112883707, -9.12985359882712e-9, -0.1736481834650062, 0, 0.0018722648805624721, -0.9999419325603984, -0.01061808916153059, 0, -0.17363808984469264, -0.010781891913069693, 0.9847505092454698, 0, 168.80201721191406, -213.95787048339844, 17.73562240600586, 1],
                    "highlightElementId": []
                },
                {
                    "state": "OPEN",
                    "localMatrix": [-0.9848078076575622, -2.8553936992636864e-11, -0.17364818589990677, 0, -0.04078024151165438, 0.972033062939344, 0.23127623745612638, 0, 0.16879177814271557, 0.23484404635760178, -0.9572657512301532, 0, 169.17041015625, -210.08901977539062, 15.646397590637207, 1],
                    "highlightElementId": []
                }
            ],
            "animation": [
                {
                    "originState": "CLOSE",
                    "targetState": "OPEN",
                    "positionArray": [168.80201721191406, -213.95787048339844, 17.73562240600586, 168.7208709716797, -213.5133056640625, 18.195831298828125, 168.66534423828125, -212.95315551757812, 18.510793685913086, 168.64010620117188, -212.32473754882812, 18.653915405273438, 168.6472930908203, -211.68104553222656, 18.613121032714844, 168.68630981445312, -211.07643127441406, 18.391849517822266, 168.7538604736328, -210.56190490722656, 18.00877571105957, 168.84423828125, -210.18089294433594, 17.49622917175293, 168.94981384277344, -209.96554565429688, 16.8974609375, 169.0616912841797, -209.9340362548828, 16.263002395629883, 169.17041015625, -210.08901977539062, 15.646397590637207],
